24
-3 -180 88 441
99 -143 85 261
199 -60 184 118
250 -7 383 58
190 37 633 51
96 107 823 88
6 245 919 195
-54 228 925 440
-133 4 871 668
-137 -1 738 672
-69 -113 601 671
63 -120 532 558
93 -84 595 438
-29 -111 688 354
-136 -65 659 243
-201 54 523 178
-114 37 322 232
28 137 208 269
108 -4 236 406
69 55 344 402
-26 148 413 457
-152 45 387 605
-131 20 235 650
-16 -229 104 670
-2.7679670940464973 -166.07802564278967 127.97674706462385 439.2715136890308
-3.23203290595351 -193.92197435721056 48.02325293537616 442.7284863109694
83.72194302274644 -120.93169547730045 125.20877997057735 273.19348804624116
114.2780569772535 -165.0683045226995 44.791220029422654 248.80651195375884
180.51486369297226 -54.42659206823285 208.9307229933238 152.2617925689407
217.48513630702774 -65.57340793176718 159.06927700667615 83.73820743105935
240.2513474364576 -6.727037728220822 389.44558668629605 97.83520050070786
259.74865256354224 -7.272962271779196 376.5544133137039 18.164799499292165
172.48894003617647 33.589951480729056 629.6969341227536 91.10816277248703
207.51105996382375 40.41004851927093 636.3030658772461 10.89183722751297
77.18735350253087 86.03173775802924 802.1858741589301 124.69811425321609
114.81264649746913 127.96826224197076 843.8141258410699 51.3018857467839
5.512204058155135 225.08166570800552 879.373227661461 210.72985201124533
6.487795941844865 264.9183342919945 958.626772338539 179.27014798875467
-45.74095028043678 193.1284567396221 884.8854317196161 435.81151771925084
-62.25904971956322 262.8715432603779 965.1145682803839 444.18848228074916
-101.59989077313423 3.055635812725882 839.1444814391793 628.9399744588729
-164.40010922686577 4.944364187274118 902.8555185608207 707.0600255411271
-114.00196843065464 -0.8321311564282041 737.5445906660451 631.9956102715988
-159.99803156934536 -1.1678688435717959 738.4554093339549 712.0043897284012
-45.58383349869382 -74.65178529496234 623.5426222353905 631.1634791151706
-92.41616650130624 -151.34821470503778 578.4573777646095 710.8365208848294
49.14324363415358 -93.60617835076869 577.9587887366966 556.5116938202083
76.85675636584625 -146.39382164923086 486.0412112633033 559.4883061797916
105.7408670063437 -95.50787987669759 627.1020323708502 462.9055154694396
80.25913299365652 -72.4921201233027 562.8979676291495 413.09448453056075
-39.83671596952854 -152.47846457302325 732.8428993771939 367.397635592742
-18.16328403047146 -69.52153542697681 643.1571006228061 340.60236440725805
-166.10126585000262 -79.38663441360416 693.0061834076654 214.91917101971876
-105.8987341499975 -50.61336558639587 624.9938165923346 271.08082898028124
-216.27572392279603 58.10392583000487 526.9049175576628 135.5325366061146
-185.72427607720385 49.89607416999516 519.0950824423371 220.46746339388537
-148.9766584666873 48.35207336199505 310.62919363486674 193.63646243611947
-79.02334153331267 25.647926638004947 333.37080636513326 270.3635375638805
41.94664061840473 205.23892016862328 161.65253516817944 241.98853579811453
14.053359381595243 68.76107983137678 254.3474648318206 296.0114642018855
127.06344636758439 -4.7060535691697964 203.59917578658417 447.2274559667378
88.93655363241567 -3.2939464308302604 268.40082421341583 364.77254403326225
38.83083316630581 30.95211339343217 330.66262215416856 442.521402397568
99.16916683369413 79.04788660656783 357.3373778458315 361.478597602432
-17.603543995401026 100.20478889689832 369.49345532047437 473.4735157910002
-34.396456004598974 195.79521110310168 456.50654467952563 440.5264842089998
-125.62637228186423 37.192018109762444 351.88991132507334 573.6783046878985
-178.3736277181358 52.807981890237556 422.11008867492666 636.3216953121015
-85.38653546204989 13.036112284282467 226.2635390432091 610.870322797661
-176.6134645379501 26.963887715717533 243.73646095679086 689.129677202339
-12.900256516535364 -184.6349213929126 140.87700358115922 623.9064350819434
-19.099743483464593 -273.3650786070872 67.12299641884076 716.0935649180566
